ans =

     9.590772325600497e-14
