ans =

     9.611191331992183e-14
