ans =

     9.605850455567395e-14
