ans =

   7.4251e-14
