ans =

     3.565141985163401e-14
