ans =

     3.542640048596510e-14
