ans =

     3.291979308965135e-14
