ans =

   3.6532e-14
