ans =

     6.468488239052756e-14
