ans =

   7.7512e-14
