ans =

   5.9421e-14
