ans =

     6.349866943652689e-14
