ans =

     6.488448712668583e-14
