ans =

     2.647294733053261e-14
