ans =

   2.2658e-14
