ans =

     2.596563939715428e-14
