ans =

     2.650047615486885e-14
