ans =

     6.026604080005277e-15
