ans =

   8.0530e-14
