ans =

     3.243140710254317e-14
