ans =

     3.279270462493657e-14
