ans =

   3.7590e-14
