ans =

     3.277621297411448e-14
