ans =

   7.5363e-14
