ans =

   1.7040e-13
