ans =

   5.5972e-14
