ans =

     1.388405189266874e-13
