ans =

     1.384528833584467e-13
