ans =

   1.2356e-13
