ans =

     7.990541714825118e-14
