ans =

   5.2815e-14
