ans =

     7.890364088381057e-14
