coeff =

   2.2204e-16
   1.0000e+00
   1.0000e+00

TA =

   1.00000   0.00000
   0.00000   1.00000