coeff =

   2.2204e-16
   1.0000e+00
   1.0000e+00

TA =

   1.0000        0
        0   1.0000