coeff =

   1.1102e-16
   1.0000e+00
   1.0000e+00

TA =

   1.0000e+00   1.1102e-16
   1.1102e-16   1.0000e+00