atheight =

   0.277000000000000
