ans =

     8.470876921240907e-15
