ans =

   7.4235e-15
