ans =

     8.263681075103251e-15
