ans =

     7.232698173972831e-15
