ans =

   8.0399e-15
