ans =

   8.2993e-15
