ans =

     1.392090799573605e-13
