ans =

   7.6689e-15
