ans =

     8.087205764701871e-15
