ans =

     8.299315044804507e-15
