ans =

     8.139553268328685e-15
