ans =

     7.299407764131352e-15
