ans =

   8.2506e-15
