ans =

     8.378659081353900e-15
