ans =

   8.2014e-15
