rel_err =

     5.133913799759292e-16
