rel_err =

   5.1339e-16
