rel_err =

     4.994104978651827e-16
