ans =

     8.015867730167378e-14
