ans =

   1.007891912889226
