Reconstruction error using itersine window, should be close to zero:

ans =

   0.500000000000000

Reconstruction error canonical dual of Kaiser window, should be close to zero:

ans =

     6.401998278383549e-17

Reconstruction error using cutted dual window.

recerr =

   0.001762485642153

or expressed in dB:

ans =

 -27.538744122424337

Reconstruction error using cutted tight window.

recerr =

     9.858293436835698e-04

or expressed in dB:

ans =

 -30.061982590052057
