The reconstruction should be close to zero:

ans =

     4.721505337078497e-14

The reconstruction should be close to zero:

ans =

     8.909672741164762e-14
