Type "help demo_gabmixdual" to see a description of how this demo works.
Framebounds of initial Gabor system:

A1 =

   0.605813442913889


B1 =

   1.690164970019093

Framebounds of mixing Gabor system:

A2 =

     2.024110119704336e-05


B2 =

   4.898979421758012

Framebounds of gabmixdual Gabor system:

Am =

   0.004131003699532


Bm =

   0.011463008168063
