The reconstruction should be close to zero:

ans =

     4.783697746283275e-14

The reconstruction should be close to zero:

ans =

     8.871444670941919e-14
