The reconstruction should be close to zero:

ans =

     4.784517496819337e-14

The reconstruction should be close to zero:

ans =

     8.920236033319097e-14
