ans =

     9.624946416228068e-15
