ans =

     1.055121974166615e-14
