ans =

     1.067814285565954e-14
