ans =

   1.0251e-14
