ans =

     4.961215855434262e-15
