ans =

     5.458685987515099e-15
