ans =

   1.3248e-14
