ans =

     1.064981314724840e-14
