ans =

   4.9645e-15
