ans =

     9.728434465432813e-15
