ans =

     5.644413339694357e-15
