ans =

   1.1402e-14
