ans =

     9.757245647085724e-15
