ans =

   1.2290e-14
