ans =

   5.6444e-15
