ans =

   1.333333333333333
