ans =

     2.016900620126217e-15
