ans =

   2.0201e-15
