ans =

   2.0228e-15
