ans =

     2.022451390923986e-15
