ans =

   2.0256e-15
