ans =

     2.023584411446212e-15
