ans =

   1.6010e-15
