ans =

     8.019920083335961e-15
