ans =

     1.592330170538439e-15
