ans =

   6.0247e-15
