ans =

     1.591570805698530e-15
