ans =

     7.106774012374892e-15
