ans =

   5.9440e-10
