ans =

     5.944006695631077e-10
