ans =

   1.6050e-09
