ans =

     1.604964106526122e-09
