ans =

     2.481524897647706e-15
