ans =

   2.4815e-15
