ans =

     2.400287682482777e-15
