ans =

   2.4003e-15
