ans =

   8.2201e-15
