ans =

     5.971590714093986e-15
