ans =

   5.9973e-15
