ans =

     5.707677392044633e-15
