ans =

   6.0203e-15
