ans =

     5.917251167389285e-15
