ans =

     6.028280895685831e-15
