ans =

     5.733306956153191e-15
