ans =

   6.0762e-15
