ans =

     5.926290334081506e-15
