ans =

   5.9023e-15
