ans =

     6.065816893858883e-15
