ans =

   5.9077e-15
