ans =

     5.877451105997780e-15
