ans =

   5.8006e-15
