ans =

   6.2432e-15
