ans =

   5.8657e-15
