ans =

   6.0326e-15
