ans =

     5.986998693728610e-15
