ans =

     6.026785489343689e-15
