ans =

   6.0231e-15
