ans =

     5.918638596405118e-15
