ans =

   6.0674e-15
