ans =

   5.8325e-15
