a =  10
M =  12
lt =

   1   2